0
62
1 0
2 352
8 9432
9 13869
10 24724
11 26702
12 30926
14 30927
16 60246
17 66272
18 70905
24 71732
26 72211
27 73932
33 73933
34 77088
40 77089
42 79236
43 79989
44 86315
45 93398
52 94782
58 102875
63 102876
68 102877
75 102878
82 102879
90 102880
96 102881
102 102882
108 102883
113 102884
119 102885
125 102886
130 102887
136 102888
142 102889
147 102890
153 102891
159 102892
165 102893
170 102894
176 102895
183 102896
190 102897
195 102898
201 102899
208 102900
214 102901
219 102902
226 102903
232 102904
237 102905
242 102906
248 102907
253 102908
258 102909
263 102910
269 102911
274 102912
281 102913
288 102914
